0.000000    0.000000    1.000202
0.015552    0.015552    0.999839
0.031105    0.031100    0.999476
0.046657    0.046640    0.998871
0.062210    0.062170    0.998025
0.077762    0.077684    0.996938
0.093315    0.093179    0.995609
0.108867    0.108652    0.994040
0.124420    0.124099    0.992230
0.139972    0.139515    0.990180
0.155524    0.154898    0.987891
0.171077    0.170244    0.985362
0.186629    0.185548    0.982596
0.202182    0.200807    0.979591
0.217734    0.216018    0.976350
0.233287    0.231176    0.972873
0.248839    0.246279    0.969160
0.264391    0.261322    0.965213
0.279944    0.276302    0.961032
0.295496    0.291215    0.956619
0.311049    0.306057    0.951975
0.326601    0.320826    0.947100
0.342154    0.335517    0.941996
0.357706    0.350126    0.936665
0.373259    0.364652    0.931107
0.388811    0.379088    0.925323
0.404363    0.393434    0.919316
0.419916    0.407684    0.913086
0.435468    0.421835    0.906636
0.451021    0.435884    0.899966
0.466573    0.449828    0.893079
0.482126    0.463664    0.885976
0.497678    0.477387    0.878658
0.513230    0.490994    0.871128
0.528783    0.504483    0.863387
0.544335    0.517850    0.855437
0.559888    0.531091    0.847281
0.575440    0.544204    0.838919
0.590993    0.557186    0.830355
0.606545    0.570032    0.821589
0.622098    0.582741    0.812625
0.637650    0.595309    0.803465
0.653202    0.607733    0.794110
0.668755    0.620010    0.784563
0.684307    0.632136    0.774826
0.699860    0.644110    0.764902
0.715412    0.655929    0.754793
0.730965    0.667588    0.744501
0.746517    0.679086    0.734029
0.762070    0.690420    0.723380
0.777622    0.701587    0.712555
0.793174    0.712584    0.701559
0.808727    0.723409    0.690392
0.824279    0.734059    0.679059
0.839832    0.744531    0.667561
0.855384    0.754823    0.655902
0.870937    0.764933    0.644084
0.886489    0.774857    0.632111
0.902041    0.784594    0.619985
0.917594    0.794142    0.607708
0.933146    0.803497    0.595285
0.948699    0.812658    0.582718
0.964251    0.821622    0.570009
0.979804    0.830388    0.557163
0.995356    0.838953    0.544182
1.010909    0.847315    0.531070
1.026461    0.855472    0.517829
1.042013    0.863422    0.504463
1.057566    0.871163    0.490974
1.073118    0.878693    0.477367
1.088671    0.886011    0.463645
1.104223    0.893115    0.449810
1.119776    0.900003    0.435867
1.135328    0.906673    0.421818
1.150880    0.913123    0.407667
1.166433    0.919353    0.393418
1.181985    0.925360    0.379073
1.197538    0.931144    0.364637
1.213090    0.936702    0.350112
1.228643    0.942034    0.335503
1.244195    0.947138    0.320813
1.259748    0.952013    0.306045
1.275300    0.956658    0.291203
1.290852    0.961071    0.276291
1.306405    0.965252    0.261311
1.321957    0.969199    0.246269
1.337510    0.972912    0.231167
1.353062    0.976389    0.216009
1.368615    0.979631    0.200799
1.384167    0.982635    0.185540
1.399719    0.985402    0.170237
1.415272    0.987930    0.154892
1.430824    0.990220    0.139510
1.446377    0.992270    0.124094
1.461929    0.994080    0.108648
1.477482    0.995649    0.093176
1.493034    0.996978    0.077681
1.508587    0.998066    0.062167
1.524139    0.998912    0.046639
1.539691    0.999516    0.031099
1.555244    0.999879    -0.031099
